time,x,y,z,phi,theta,psi,x_velocity,y_velocity,z_velocity,phi_velocity,theta_velocity,psi_velocity,rotor_speed1,rotor_speed2,rotor_speed3,rotor_speed4
0.06,-7.883085601063581e-06,6.139776152344295e-07,10.006650967107905,6.772892717332724e-05,0.001979510401576512,0.0,-0.00048325486434231264,3.3747269325964966e-05,0.22168125744938552,-0.004293039698472268,0.014259058374686523,0.0,473.2549073744029,474.350894455153,474.2407600626594,473.9109843939661
0.12000000000000001,-8.226993670523234e-05,6.589045643748041e-06,10.023025493661692,0.0005589192494479533,0.0030170050078535127,0.0,-0.0021086314222176195,0.00022670915107737247,0.3241118413638918,-0.015047743463128708,0.008234713264886302,0.0,438.1780549787668,437.67692024917943,437.9942983249103,437.09920301542473
0.18,-0.0002874899170273907,6.067611834164825e-05,10.046729732115544,0.007020159076561505,0.005831054552229986,0.0,-0.005055754130122206,0.002308895538113862,0.4659782809181773,-0.04599903097766718,-0.009693532710373218,0.0,450.6703571173096,449.2191232254536,451.55040990291184,449.046845105196
0.23999999999999996,-0.0007067795513476862,0.0003302705567229757,10.077062734885788,0.0043615484843755326,0.005489499952254562,0.0,-0.0088932125442627,0.006419223045338898,0.5450886146788038,-0.05088716941001902,-0.016393265284973257,0.0,430.03622789831985,429.468544909571,431.3950649173619,430.98072585660304
0.3,-0.001385189510294251,0.0008034849283296443,10.115060121059452,0.001442430834742936,0.010324903147896691,0.0,-0.014239095387893828,0.00902956983220039,0.7213932539818557,-0.05627485746171364,0.008858971698266134,0.0,459.67051606997353,461.6670727347286,461.17733228775506,460.7499389959229
0.36000000000000004,-0.0024870169959479724,0.0013719148278425206,10.164403909128986,6.282676826325163,0.010950962013259513,0.0,-0.022557551223390263,0.009706385110530463,0.9232576594689447,-0.07060953772672957,0.011234234602394193,0.0,467.8657672069598,468.0505086606882,469.9517930704203,468.83706414142097
0.4200000000000001,-0.004109286583992505,0.0019343257407518268,10.223972486361843,6.280727910534916,0.017849381789280194,0.0,-0.03229082122882676,0.008814213408922515,1.0622316533792466,-0.0551978961224313,-0.017321964451668677,0.0,451.3281132083858,449.01769723193223,449.18647165262973,450.4312605635112
0.48000000000000015,-0.006442779887372264,0.002418145543611821,10.292294013679594,6.28264351042718,0.017738026292984266,0.0,-0.04546711256447802,0.007552955628366242,1.2150030524542101,-0.08147291897363952,-0.007901465652578621,0.0,454.6539011777481,455.40806473420974,455.04250832651417,452.9315622933994
0.5400000000000001,-0.009499883579570557,0.0028457646466150733,10.36594934353087,6.278169359306052,0.018248216486850488,0.0,-0.05649338501621339,0.006288846501929329,1.2401454562549517,-0.07552162818079514,-0.020035528866290193,0.0,414.2975350894054,413.2294875878336,413.99700589107994,414.5146911430738
0.6000000000000002,-0.013315545393980503,0.003108853456532245,10.446287367237892,6.2786839247456605,0.01714601581510422,0.0,-0.07056877104174394,0.002572314341567888,1.4375637576552713,-0.10135839821207922,-0.024900563945220337,0.0,468.78564474046016,468.4075137128804,469.1006430977566,467.0847981951992
0.6600000000000003,-0.017919094731598723,0.0031504157883879176,10.536733929808198,6.2748347696507025,0.01588767180098749,0.0,-0.08273972782584149,-0.001581872046721161,1.5771392960174258,-0.1189701628581456,-0.020648776191049184,0.0,451.2051885647048,451.5482344329825,452.032877735124,450.6015947298064
0.7200000000000003,-0.02325995625504864,0.002870140159432453,10.635568271255735,6.273688320676936,0.023539406050560707,0.0,-0.09607720123530908,-0.007851486797796167,1.717122550590774,-0.14701225435108775,0.010836380202307584,0.0,450.60656458151436,453.1444941553189,453.01817091015255,450.7430274749512
0.7800000000000004,-0.02965500446418317,0.002104351940743406,10.747557892269523,6.265082654894364,0.02420255273016636,0.0,-0.11717100976854007,-0.018791062045821864,2.0153714503982045,-0.15343345423514607,0.00790559874382904,0.0,498.4171526308889,498.2027935173759,499.2685717846235,498.78165367050616
0.8400000000000004,-0.037253378907567615,0.0005175605956682197,10.874155003312705,6.256681029270013,0.024968749486913744,0.0,-0.13618274523866652,-0.03507229047266667,2.2041640656075634,-0.14473656745675123,0.012744090881886428,0.0,467.8503297497189,468.22675433686027,467.97379194236413,468.63017781964663
0.9000000000000005,-0.04593224306000772,-0.0021493196625805193,11.008833891754037,6.248750848083848,0.02635936507469605,0.0,-0.15325687721344122,-0.05461362773797609,2.284945384109499,-0.13634982066450113,0.00279444509105772,0.0,435.6999368610173,434.8672186584884,435.7112572707862,436.3926434648172
0.9600000000000005,-0.05585366646144303,-0.0063791888893946465,11.155222103293193,6.243480793747665,0.02958664599246852,0.0,-0.1778451899603208,-0.08703177012410908,2.593974521950072,-0.15627918931125137,0.020793256853713457,0.0,502.5325309242752,503.83533898983944,505.12747159233004,503.6718469419538
1.0200000000000005,-0.06724989562566608,-0.01260291109781287,11.317433222276385,6.23459571061338,0.03111172139397933,0.0,-0.20220513314909017,-0.12145494907966978,2.8124961820979175,-0.1652547335233415,0.013699331862761632,0.0,479.37478869269336,478.8353635586938,480.2571023720843,479.55380509175177
1.0800000000000005,-0.07998777675452558,-0.02083264461431287,11.487797897641213,6.232599647262202,0.0322485161814301,0.0,-0.22250264942707942,-0.15302062482162193,2.8661760991924132,-0.19730632719878113,0.0062367209899851055,0.0,430.46609204727855,429.83401145538426,431.37055839259733,428.62428337891976
1.1400000000000006,-0.0940979332662609,-0.031243118894176292,11.66555600059277,6.222625297234234,0.03263637342629622,0.0,-0.24786893537158733,-0.19510283491289704,3.058529078481878,-0.21351190680198395,0.003282229607038228,0.0,473.4632664635651,473.23581044895633,473.9147083554721,472.62982734134175
1.2000000000000006,-0.10967171818006333,-0.04423411373789195,11.851842242509727,6.21037311666915,0.041675731292491136,0.0,-0.2721292428278143,-0.23913716906635804,3.1506388485813273,-0.2229878820679445,0.034678692619079646,0.0,442.9745602357335,445.54888600747324,444.10779379756707,443.28332837055603
1.2600000000000007,-0.12692746442732392,-0.060235485430147215,12.045138835123584,6.196990976682189,0.044159006067480355,0.0,-0.3033239659414942,-0.29565610643060125,3.292044142600457,-0.22314078333036677,0.026425403560398752,0.0,459.9908316758693,459.337115882896,460.474194006294,460.4146785959804
1.3200000000000007,-0.14620475363671193,-0.08010087602254959,12.24892163401221,6.183733704068546,0.04745106041739344,0.0,-0.33963278316240575,-0.3680318094302889,3.499917808341404,-0.22019686834236402,0.010864836811318512,0.0,481.4118348085792,480.2329351840393,481.0597131325725,481.2378164335035
1.3800000000000008,-0.16764219610580505,-0.10443787215444769,12.463370882423247,6.172147641872538,0.04809095660876128,0.0,-0.37499854885537515,-0.4444282597560838,3.647765207823047,-0.20737930502667695,0.009638143117414545,0.0,464.21137151041074,464.11496932187436,464.89663796882076,465.8561851461867
1.4400000000000008,-0.19104055112744608,-0.13310900287179805,12.68220327470812,6.159859226099943,0.060588038792861454,0.0,-0.4060720426091909,-0.512329701210261,3.6464303352114444,-0.21304888715164097,-0.029399583033380458,0.0,419.982904367141,416.5830188958589,419.292213381862,418.7532808153166
1.5000000000000009,-0.21657391455827335,-0.16625281792993837,12.902526055698791,6.1534709084172725,0.05899024990778834,0.0,-0.4448751186645474,-0.5930705483488932,3.697388339016956,-0.1865231043945679,-0.025975574462991213,0.0,436.4733240174102,436.75877459238154,434.9076612333128,437.0821141749853
1.560000000000001,-0.24497935008853225,-0.20545213412985613,13.13448140191137,6.154356968387679,0.06934377400870329,0.0,-0.5033811045684843,-0.7132327865763695,4.033196295836293,-0.22581294597618032,-0.06500284158465033,0.0,521.4262585747899,518.6919529866136,523.0158789934865,520.2394161603744
1.620000000000001,-0.27636984110972057,-0.2504859957905378,13.37576044278788,6.140799513801733,0.0691434919342564,0.0,-0.5429409515486164,-0.7890345518100663,4.00931758623134,-0.22764881246292992,-0.045098035937740394,0.0,414.0701069002599,415.8150082456484,415.05531496872214,414.8392358009632
1.680000000000001,-0.31050085162976504,-0.3010789750193257,13.620932689248127,6.127319585211257,0.06761770319932037,0.0,-0.5945398936583437,-0.8987844580657106,4.162260876563511,-0.23363824196089006,-0.03433783064639904,0.0,471.8024749450679,472.63175788896103,471.4652557999302,470.9530537055
1.740000000000001,-0.34751677514874907,-0.35810700947442425,13.87251804289881,6.1180047022940265,0.06840712454404141,0.0,-0.6393679271906524,-1.0029773714790708,4.223466502214295,-0.25862753000622135,-0.017006816930722195,0.0,444.595994442543,446.0135890450356,445.81639311540795,443.7110118015561
1.8000000000000012,-0.3874781052069311,-0.42219202932353134,14.13127243436195,6.102483073018021,0.06738379587684662,0.0,-0.6925110519450509,-1.1348210934424308,4.400603026746014,-0.25884596222173717,-0.017162951619461474,0.0,481.05934549534237,481.0476260342055,482.29158320399205,482.21352280511115
1.8600000000000012,-0.4302269554980305,-0.4934947050748741,14.39494853036111,6.087637701657695,0.06851316127543061,0.0,-0.7325646869694279,-1.2431852195147424,4.3882913336594,-0.26919600461163995,-0.034504211129859866,0.0,425.49540451664814,424.0079357476225,424.3728722547445,423.41038691323223
1.9200000000000013,-0.4755258300551415,-0.5718260709750833,14.659515997009603,6.090982269902996,0.07276168686262707,0.0,-0.7777618192607627,-1.36745961712691,4.43039502705005,-0.3187817927214591,-0.00814177928446187,0.0,441.9625498423386,444.1301072577655,444.5025521717067,440.33597849780546
1.9800000000000013,-0.5237312532850839,-0.6579742310278046,14.928315624901629,6.072023117172876,0.07226928953897893,0.0,-0.8290019773315302,-1.5059643450686873,4.52865797855485,-0.3246289744451569,-0.00835530872272159,0.0,460.95282409023747,460.93606873775474,462.01620359868645,461.45381912422005
2.0400000000000014,-0.5752084623596725,-0.7532929568203333,15.205067699365465,6.052538280055156,0.08354253056764538,0.0,-0.888081936447069,-1.6732892260541374,4.694929585904595,-0.3266016299709727,0.02805306092466954,0.0,482.4953672371162,485.2365560667492,484.40755594683327,484.1603215975378
2.1000000000000014,-0.6302558062287383,-0.8585372506681463,15.48939055801993,6.034558787107368,0.08522058834735091,0.0,-0.9469605589166855,-1.836500705378124,4.781458984126084,-0.341783794395361,0.025944549629095176,0.0,463.5344261978531,463.36882445163263,462.71789770929524,461.4126090763926
2.1600000000000015,-0.6885973482830441,-0.9731315332416053,15.775635354910495,6.014073721009382,0.08850346719661228,0.0,-0.9980486261026194,-1.9849925477938013,4.7594028268613116,-0.34096599498100644,0.010302006640940305,0.0,429.72024483562365,428.392003429229,430.60111490506387,430.54633000499456
2.2200000000000015,-0.7501272107888981,-1.0971951403254965,16.06123086774209,5.995268680619624,0.08990035018654208,0.0,-1.0530493578666615,-2.1520465342138473,4.759684931269965,-0.32803344063791623,0.018843216751931773,0.0,438.4441664153642,439.15321494313093,438.26966361290414,439.22556317900245
2.2800000000000016,-0.815021091888579,-1.2316883862885135,16.346987341766802,5.97644728170274,0.09541242195485466,0.0,-1.1105385484487837,-2.332608142820933,4.76463302645793,-0.3394689031702359,0.040604326855648416,0.0,440.65978835371277,442.4554613223382,443.20134318155687,442.1467383819822
2.3400000000000016,-0.8837241000153813,-1.3781918812159175,16.635528402125363,5.956337634569081,0.09860437192680038,0.0,-1.1798182636539314,-2.552618662527382,4.851924763772761,-0.33497352520577983,0.049002188369075356,0.0,470.29421231385317,470.94525530715873,470.9794656281392,471.2168896016957
2.4000000000000017,-0.9564340951180392,-1.5375725598777612,16.927037067828216,5.9370398787376075,0.1026031355661372,0.0,-1.2441938326842357,-2.761627176851587,4.863907751316842,-0.34605127342143965,0.03646719829450084,0.0,450.27021082798666,449.2559547265924,450.2270837263072,449.213297394943
2.4600000000000017,-1.033148597393038,-1.7100771819685163,17.219768371167333,5.918001667868367,0.10494211442744916,0.0,-1.3131334252530915,-2.9900802150706367,4.892503281613637,-0.33281658357663546,0.030845032286620794,0.0,458.2683034063178,457.82157975348593,457.0796970432096,458.0172306362811
2.520000000000002,-1.1138935842110913,-1.896094358339757,17.512742025806944,5.909915930452319,0.10678673899325997,0.0,-1.3785052121219752,-3.211121438833287,4.872599076254575,-0.2962374620489327,0.03048813293884674,0.0,444.23832062231514,444.2093646530624,442.7269883722851,445.6220623815097
2.580000000000002,-1.1987533870182983,-2.096085816123666,17.805794401206906,5.892161458680082,0.10868643964326896,0.0,-1.4502741291756587,-3.456644297099103,4.894452112324271,-0.2954855274267238,0.03243280384224747,0.0,460.4419376972833,460.5960848535622,459.5797366114173,459.5533954497328
2.640000000000002,-1.2885536691630255,-2.3131926807122083,18.1049462096509,5.874820016481323,0.11284578942636792,0.0,-1.543383607590593,-3.7816042322148675,5.074760510170291,-0.2897616885715443,0.047574168410252686,0.0,512.6884269927871,513.7637424097201,512.3133866965388,512.6452293586069
2.700000000000002,-1.3830661075019006,-2.5467598963911784,18.40683436896816,5.857429948003215,0.11700989861403421,0.0,-1.607362125989408,-4.005212271882307,4.9872971196728235,-0.29000413503380246,0.033780300042203795,0.0,431.5522123587437,430.38713396993626,430.8535779206635,430.74484277569593
2.760000000000002,-1.481226452000406,-2.793103955304564,18.701349077396838,5.840503875356788,0.12072976494020793,0.0,-1.6649293280968769,-4.207460236040339,4.829386884340979,-0.2835676878355561,0.04688416318756981,0.0,406.5091910811597,407.6828932724363,406.58691762668144,407.0708751454123
2.820000000000002,-1.5833915240112326,-3.0535444417720776,18.989897499278374,5.8250949392135745,0.1254314776531018,0.0,-1.7409422786618358,-4.47494229335121,4.787584697860873,-0.2708391010892929,0.030581622992813362,0.0,452.12860841530636,450.8138555684593,449.3985214981803,450.35142571772235
2.880000000000002,-1.6909009607368335,-3.3327657116474425,19.28074397025352,5.80883255609446,0.12851365177547702,0.0,-1.8428741795165613,-4.833433228538658,4.90475192807713,-0.27203912008543785,0.0170886973967476,0.0,505.8925974408152,504.91997858850124,507.1185312067288,506.9679576283277
2.940000000000002,-1.80342353352173,-3.6297051688686492,19.570396311414704,5.794013243453065,0.12952697271319558,0.0,-1.9079678105360451,-5.0656076553948415,4.749676345587966,-0.25975734067654743,0.01588635653190862,0.0,418.03535354153337,417.93047453729463,417.6299575386656,418.62283863606655
3.000000000000002,-1.9209036815282843,-3.944497664931784,19.85757589247358,5.783662713255101,0.13186081638454805,0.0,-2.0080942169026,-5.427857809815384,4.820888427164895,-0.28605163014165597,0.027613771955882372,0.0,498.5718486270157,499.428055349673,499.75133045929306,497.7663147111089
3.0600000000000023,-2.04416463716856,-4.280209052085021,20.146914369815676,5.766757489701003,0.1380686209376707,0.0,-2.1010298637695515,-5.763439647269402,4.821528677649406,-0.2929447857056111,0.049813553740023137,0.0,480.1770127506541,481.8590356896501,480.56959490718435,479.96903871466776
3.1200000000000023,-2.172294866780195,-4.633403447002888,20.43088771529972,5.750603519255103,0.14560612159801245,0.0,-2.17047577248794,-6.0107372996591435,4.64332041936637,-0.2810254132121478,0.07200730286726607,0.0,419.7679851263631,421.6926156064861,421.0048631164687,421.94556211031505
3.1800000000000024,-2.3051918200378516,-5.003339434396632,20.70683637150471,5.734142119876779,0.1538073107341571,0.0,-2.260015513993264,-6.32132461975899,4.553172189402462,-0.2751945837558882,0.049193706780329326,0.0,458.30724827855545,456.49284218536957,456.02911594543514,456.4181552017087
3.2400000000000024,-2.4437298361472286,-5.392655095313298,20.977942180955747,5.717901017418779,0.157323269468848,0.0,-2.3580671671270097,-6.656669447326785,4.481688907156096,-0.2705729616576014,0.056309728492903575,0.0,466.68026332155233,467.23709929164545,468.7573975888448,469.04512147770254
3.3000000000000025,-2.5882547777345173,-5.8024895125383615,21.244726733622972,5.701726284654091,0.16128657244371425,0.0,-2.4596120287482726,-7.00519406151765,4.408976812319627,-0.27470770992182747,0.0466473341696556,0.0,473.29916852240143,472.55638547693536,472.0763496626444,471.6870773772211
3.3600000000000025,-2.739077828305109,-6.2338410207735055,21.507470433436257,5.695562019159688,0.17229406564237681,0.0,-2.5686676098674006,-7.37313249599978,4.347302715139723,-0.31111795992712343,0.01403889890507793,0.0,483.16491099600466,480.70002921402636,481.86501471491295,479.02679480972245
3.4200000000000026,-2.8959064790218423,-6.685158431357641,21.762934504906468,5.6787140924353565,0.17431784258292815,0.0,-2.65902446275538,-7.671665049586772,4.166651759182623,-0.327143846015675,0.0008717347392410615,0.0,442.94437002340914,441.8597216555351,442.20829756455623,440.7824359718776
3.4800000000000026,-3.0576401774306783,-7.152833914431948,22.00476264572425,5.664073329595613,0.17924544214696425,0.0,-2.7324292546239057,-7.918499655028126,3.8935142527364577,-0.352840785739176,-0.024545504176272603,0.0,409.1616915980778,406.89171672213735,409.5907722588792,407.1710699472319
3.5400000000000027,-3.2248549657034733,-7.638830969878098,22.234643558366315,5.645937613301335,0.17818294291330528,0.0,-2.8410965919912705,-8.28211165582202,3.766840208039982,-0.37316423523361486,-0.03286376771076466,0.0,470.35084183327024,469.705839122972,469.78496615993305,468.07972727637275
3.6000000000000028,-3.39974584672661,-8.150814763761543,22.461834006583924,5.625567924003347,0.17871754958493113,0.0,-2.988138015379698,-8.784235646570975,3.8018417560450533,-0.3899830036051797,-0.051448217893554866,0.0,533.9386692238047,532.6684252022951,533.6609393942157,532.3889261951498
3.660000000000003,-3.58180573563952,-8.687672066730041,22.683433574162247,5.60247278215566,0.18159551197831192,0.0,-3.080524409374286,-9.11180140755902,3.5824892423576276,-0.3850288447096035,-0.025867426808196495,0.0,449.0713382245755,451.141328428455,449.86881368002037,450.11580088878196
3.720000000000003,-3.768544835941129,-9.241379351358992,22.887781526934642,5.582504799978036,0.18047550071571372,0.0,-3.144123747707663,-9.34624104033168,3.22821712964213,-0.3668022849336243,-0.01976791408635869,0.0,397.77034836757855,398.3286555483808,396.52639686867866,398.03109026473385
3.780000000000003,-3.9598602819660695,-9.812011266511671,23.07379020264744,5.564546913954949,0.18649610403446548,0.0,-3.2332744718712454,-9.675391034865592,2.9700171804876025,-0.3900836677918418,0.008464064753673513,0.0,442.29671651653166,444.61676166242813,444.78960926145777,442.7324110167838
3.840000000000003,-4.156462221059572,-10.402146171564171,23.2434681681427,5.544315533006827,0.19045670385441227,0.0,-3.3201943522632247,-9.996384429618754,2.683782325605637,-0.37173434019296947,0.027654489885671076,0.0,436.26990132203065,437.86988957356203,437.7757076588107,439.14590684353624
3.900000000000003,-4.35897511207673,-11.014039590447904,23.39813162451601,5.524609264611902,0.19350201038911674,0.0,-3.43012791945338,-10.400208011016026,2.4685560779007307,-0.35524000602292116,0.013502003927147324,0.0,475.8916652947521,474.8067406390925,473.04342688004533,474.1830978031436
3.960000000000003,-4.568209739884114,-11.65074208658833,23.539830127543244,5.503297625337606,0.19435248510011682,0.0,-3.544013267047068,-10.823207230174386,2.251278036401179,-0.355109332397226,0.009795491433870186,0.0,483.0787603240944,482.79894457247156,482.07102860892724,481.9616843677909
4.020000000000002,-4.784110042674517,-12.312444460983173,23.667421741948935,5.483031970729128,0.19824221190949487,0.0,-3.6525333234939312,-11.233429499555747,1.998464673382475,-0.3675525338558922,0.02853736452436817,0.0,476.4114376277738,477.8428074556315,477.9819435533972,476.9088676557505
4.080000000000001,-5.006009246889158,-12.996971016904856,23.777470312385624,5.461496767570463,0.20434464430738597,0.0,-3.744174707482385,-11.58418888613064,1.666997813827814,-0.3767300347546936,0.00435331966539681,0.0,453.76032721346866,451.8138410331266,452.19905699329814,451.31921377741213
4.14,-5.234146996626851,-13.705148113359957,23.869474460010583,5.449230606882493,0.20759300752856902,0.0,-3.8602556598747935,-12.021329957462592,1.3967195618876374,-0.3426911783534714,-0.015817646300671187,0.0,488.68882930252175,487.18236020455134,487.02760937323256,489.4435368392747
4.199999999999998,-5.467887315286125,-14.434839255520517,23.94044429498816,5.428725069523784,0.20750170746820906,0.0,-3.930970546950689,-12.30220887747064,0.966940416173552,-0.3410373845877,-0.02723393801674616,0.0,423.0313038674678,422.0465945518022,422.73375224892544,422.74940615197596
4.259999999999997,-5.706299479075294,-15.183108088731137,23.986634369371707,5.418670831327432,0.2080261324819448,0.0,-4.01599420182785,-12.64055995412151,0.5707156438230989,-0.30687867199097296,-0.012295386195450422,0.0,445.409080170932,446.62969971052314,444.85790248688164,447.53691890587487
4.319999999999996,-5.950441604959534,-15.954098731879442,24.010602323947627,5.402256363993477,0.21051547377941482,0.0,-4.121805975554858,-13.0586906739353,0.22482705269560077,-0.32361254096507497,-0.03321061413015921,0.0,479.14765036625494,477.5542437473317,477.9017783127825,476.531462017754
4.379999999999995,-6.200412378160922,-16.748408485658288,24.011749232109327,5.385147283602802,0.21468457110018146,0.0,-4.210449083592586,-13.418158737094112,-0.1895584072230359,-0.3414990755751873,-0.06162937769008079,0.0,456.2085208552745,453.9315219478197,456.9099473631366,455.37247409092754
4.439999999999993,-6.454978525158655,-17.56178673721651,23.985472501664994,5.367205132421358,0.21239239306960478,0.0,-4.274905238374251,-13.694944024175355,-0.688514628364716,-0.32517487369118736,-0.07587244419145794,0.0,422.06283536185146,420.8275012731111,420.360682275667,421.6510538919399
4.499999999999992,-6.713154310928087,-18.391070474027902,23.928197861957546,5.3513111053018925,0.20791593815312037,0.0,-4.330831250131464,-13.94871620249176,-1.222537615945735,-0.347243867044849,-0.08032071926749614,0.0,409.0928309617981,408.69099451258137,411.1467010502999,409.06161622701
4.559999999999991,-6.975172710442669,-19.23771076636671,23.839929482742168,5.330544411702576,0.2043439256865689,0.0,-4.402683758774207,-14.272464359729062,-1.722802821037442,-0.3515443996845695,-0.0938138884455641,0.0,437.96926204090096,436.8388932244902,437.4241484990431,436.93826445519505
4.6199999999999894,-7.242077459853594,-20.106372692921326,23.72288116998736,5.314937453228641,0.19968872046001795,0.0,-4.493472515668341,-14.682420886721415,-2.1824536221033743,-0.3270616269492224,-0.08413894814179229,0.0,471.5555329506184,472.2963493429338,469.3046304581102,471.0881345111185
4.679999999999988,-7.5142383021400905,-20.99928435480931,23.577351585724603,5.313319433536154,0.19530321025904396,0.0,-4.578258237189729,-15.08212024640604,-2.6711386310977194,-0.28176520962810864,-0.09433840914887179,0.0,467.53212317039396,466.7304012842053,466.0903569737005,469.5251231987612
4.739999999999987,-7.79059030743962,-21.91283954856147,23.399562723556134,5.297711585307798,0.19190652402336728,0.0,-4.633275994411248,-15.37023465433142,-3.257972124439178,-0.2955055921535424,-0.11206405269160635,0.0,423.1246529983602,421.5856648799249,423.1117350936247,421.8383889966738
4.799999999999986,-8.071534698072414,-22.84955923765444,23.189784213717683,5.2800986579232365,0.18573880147818844,0.0,-4.7305528513535995,-15.852382871209596,-3.7395227681364793,-0.30064892577132823,-0.10500787170685726,0.0,494.836613732498,495.34676721893777,494.13850391287684,493.6787843256269
4.859999999999984,-8.358009371397303,-23.814379836349115,22.949774694518872,5.265925892101048,0.18404970591070402,0.0,-4.818011691527079,-16.30725165543072,-4.265423661336827,-0.28027819698099515,-0.12976293361554192,0.0,489.95384585658,488.0987252335137,486.6172731411024,488.0612443898683
4.919999999999983,-8.648921499142606,-24.803147732508492,22.675342717099877,5.249357084993328,0.17741047161726176,0.0,-4.878575334390743,-16.651420777483118,-4.886232129914714,-0.27589525027905776,-0.14275478633037783,0.0,451.98766544353714,450.92247059085105,450.1658499806581,450.44302706198755
4.979999999999982,-8.943007901907219,-25.810759483525135,22.36181738696093,5.233930353828779,0.17183362743250363,0.0,-4.924068766198939,-16.93601468943694,-5.568180709053376,-0.26540600865089675,-0.12498057370533494,0.0,428.0614729004109,429.5542872045584,428.3527318343206,429.16651633449
5.0399999999999805,-9.239706974180814,-26.835172011351283,22.006423723604325,5.225289327621585,0.1684532644161516,0.0,-4.965896832611361,-17.212588828299243,-6.28169568831848,-0.2370198981954981,-0.1484448318029594,0.0,424.27786061843904,422.2398591654671,423.14672532919207,425.5158918988762
